255 255 255 255 255 255 255 255 255 255 255 255 255 255 255 255
255 255 255 255 255 255 255 255 255 255 255 255 255 255 255 255
255 255   0   0   0   0   0   0   0   0   0   0   0   0 255 255
255 255   0   0   0   0   0   0   0   0   0   0   0   0 255 255
255 255   0   0   0   0   0   0   0   0   0   0   0   0 255 255
255 255   0   0   0 248 248 248 248 248 248   0   0   0 255 255
255 255   0   0   0 248  27 248 248  27 248   0   0   0 255 255
255 255   0   0   0 248 178 248 248 248 248   0   0   0 255 255
255 255   0   0   0 210 114 248 248  50 248   0   0   0 255 255
255 255   0   0   0  81 205  27  27 133 179   0   0   0 255 255
255 255   0   0   0 248 248  27  27 248 248   0   0   0 255 255
255 255   0   0   0   0   0   0   0   0   0   0   0   0 255 255
255 255   0   0   0   0   0   0   0   0   0   0   0   0 255 255
255 255   0   0   0   0   0   0   0   0   0   0   0   0 255 255
255 255 255 255 255 255 255 255 255 255 255 255 255 255 255 255
255 255 255 255 255 255 255 255 255 255 255 255 255 255 255 255
255 255 255 255 255 255 255 255 255 255 255 255 255 255 255 255
255 255 255 255 255 255 255 255 255 255 255 255 255 255 255 255
255 255   0   0   0   0   0   0   0   0   0   0   0   0 255 255
255 255   0   0   0   0   0   0   0   0   0   0   0   0 255 255
255 255   0   0   0   0   0   0   0   0   0   0   0   0 255 255
255 255   0   0   0 248 248 248 248 248 248   0   0   0 255 255
255 255   0   0   0 248   3 248 248   3 248   0   0   0 255 255
255 255   0   0   0 248 173 248 248 248 248   0   0   0 255 255
255 255   0   0   0 208 104 248 248  46 248   0   0   0 255 255
255 255   0   0   0  73 201   3   3 125 174   0   0   0 255 255
255 255   0   0   0 248 248   3   3 248 248   0   0   0 255 255
255 255   0   0   0   0   0   0   0   0   0   0   0   0 255 255
255 255   0   0   0   0   0   0   0   0   0   0   0   0 255 255
255 255   0   0   0   0   0   0   0   0   0   0   0   0 255 255
255 255 255 255 255 255 255 255 255 255 255 255 255 255 255 255
255 255 255 255 255 255 255 255 255 255 255 255 255 255 255 255
255 255 255 255 255 255 255 255 255 255 255 255 255 255 255 255
255 255 255 255 255 255 255 255 255 255 255 255 255 255 255 255
255 255   0   0   0   0   0   0   0   0   0   0   0   0 255 255
255 255   0   0   0   0   0   0   0   0   0   0   0   0 255 255
255 255   0   0   0   0   0   0   0   0   0   0   0   0 255 255
255 255   0   0   0 248 248 248 248 248 248   0   0   0 255 255
255 255   0   0   0 248 165 248 248 165 248   0   0   0 255 255
255 255   0   0   0 248 221 248 248 248 248   0   0   0 255 255
255 255   0   0   0 232 195 248 248 177 248   0   0   0 255 255
255 255   0   0   0 183 233 165 165 206 220   0   0   0 255 255
255 255   0   0   0 248 248 165 165 248 248   0   0   0 255 255
255 255   0   0   0   0   0   0   0   0   0   0   0   0 255 255
255 255   0   0   0   0   0   0   0   0   0   0   0   0 255 255
255 255   0   0   0   0   0   0   0   0   0   0   0   0 255 255
255 255 255 255 255 255 255 255 255 255 255 255 255 255 255 255
255 255 255 255 255 255 255 255 255 255 255 255 255 255 255 255

255 255 255 255 255 255 255 255 255 255 255 255 255 255 255 255
255 214 153 153 153 153 153 153 153 153 153 153 153 153 214 255
255 153   0   0   0   0   0   0   0   0   0   0   0   0 153 255
255 153   0   0   0   0   0   0   0   0   0   0   0   0 153 255
255 153   0   0   9  49  49  49  49  49  49   9   0   0 153 255
255 153   0   0  49 248 244 180 168 176 248  49   0   0 153 255
255 153   0   0  49 245 115 106 109  89 207  49   0   0 153 255
255 153   0   0  49 161  83 193 238 132 129  49   0   0 153 255
255 153   0   0  49 153  78 203 243 130 130  49   0   0 153 255
255 153   0   0  49 243 112 111 119  92 200  49   0   0 153 255
255 153   0   0  49 248 240 165 157 165 248  49   0   0 153 255
255 153   0   0   9  49  49  49  49  49  49   9   0   0 153 255
255 153   0   0   0   0   0   0   0   0   0   0   0   0 153 255
255 153   0   0   0   0   0   0   0   0   0   0   0   0 153 255
255 214 153 153 153 153 153 153 153 153 153 153 153 153 214 255
255 255 255 255 255 255 255 255 255 255 255 255 255 255 255 255
255 255 255 255 255 255 255 255 255 255 255 255 255 255 255 255
255 214 153 153 153 153 153 153 153 153 153 153 153 153 214 255
255 153   0   0   0   0   0   0   0   0   0   0   0   0 153 255
255 153   0   0   0   0   0   0   0   0   0   0   0   0 153 255
255 153   0   0   9  49  49  49  49  49  49   9   0   0 153 255
255 153   0   0  49 248 244 174 161 170 248  49   0   0 153 255
255 153   0   0  49 245 103  95  98  75 203  49   0   0 153 255
255 153   0   0  49 153  68 188 237 122 119  49   0   0 153 255
255 153   0   0  49 144  63 199 242 120 120  49   0   0 153 255
255 153   0   0  49 243  99 100 109  78 196  49   0   0 153 255
255 153   0   0  49 248 240 157 149 157 248  49   0   0 153 255
255 153   0   0   9  49  49  49  49  49  49   9   0   0 153 255
255 153   0   0   0   0   0   0   0   0   0   0   0   0 153 255
255 153   0   0   0   0   0   0   0   0   0   0   0   0 153 255
255 214 153 153 153 153 153 153 153 153 153 153 153 153 214 255
255 255 255 255 255 255 255 255 255 255 255 255 255 255 255 255
255 255 255 255 255 255 255 255 255 255 255 255 255 255 255 255
255 214 153 153 153 153 153 153 153 153 153 153 153 153 214 255
255 153   0   0   0   0   0   0   0   0   0   0   0   0 153 255
255 153   0   0   0   0   0   0   0   0   0   0   0   0 153 255
255 153   0   0   9  49  49  49  49  49  49   9   0   0 153 255
255 153   0   0  49 248 246 222 218 220 248  49   0   0 153 255
255 153   0   0  49 246 197 194 195 188 232  49   0   0 153 255
255 153   0   0  49 215 185 227 244 204 203  49   0   0 153 255
255 153   0   0  49 212 184 230 246 203 203  49   0   0 153 255
255 153   0   0  49 246 196 196 199 189 229  49   0   0 153 255
255 153   0   0  49 248 245 216 213 216 248  49   0   0 153 255
255 153   0   0   9  49  49  49  49  49  49   9   0   0 153 255
255 153   0   0   0   0   0   0   0   0   0   0   0   0 153 255
255 153   0   0   0   0   0   0   0   0   0   0   0   0 153 255
255 214 153 153 153 153 153 153 153 153 153 153 153 153 214 255
255 255 255 255 255 255 255 255 255 255 255 255 255 255 255 255

255 255 255 255 255 255 255 255 255 255 255 255 255 255 255 255
255 214 153 153 153 153 153 153 153 153 153 153 153 153 214 255
255 153   0   0   0   0   0   0   0   0   0   0   0   0 153 255
255 153   0   0   0   0   0   0   0   0   0   0   0   0 153 255
255 153   0   0   9  49  49  49  49  49  49   9   0   0 153 255
255 153   0   0  49 248 207 129 130 200 248  49   0   0 153 255
255 153   0   0  49 176  89 132 130  92 165  49   0   0 153 255
255 153   0   0  49 168 109 238 243 119 157  49   0   0 153 255
255 153   0   0  49 180 106 193 203 111 165  49   0   0 153 255
255 153   0   0  49 244 115  83  78 112 240  49   0   0 153 255
255 153   0   0  49 248 245 161 153 243 248  49   0   0 153 255
255 153   0   0   9  49  49  49  49  49  49   9   0   0 153 255
255 153   0   0   0   0   0   0   0   0   0   0   0   0 153 255
255 153   0   0   0   0   0   0   0   0   0   0   0   0 153 255
255 214 153 153 153 153 153 153 153 153 153 153 153 153 214 255
255 255 255 255 255 255 255 255 255 255 255 255 255 255 255 255
255 255 255 255 255 255 255 255 255 255 255 255 255 255 255 255
255 214 153 153 153 153 153 153 153 153 153 153 153 153 214 255
255 153   0   0   0   0   0   0   0   0   0   0   0   0 153 255
255 153   0   0   0   0   0   0   0   0   0   0   0   0 153 255
255 153   0   0   9  49  49  49  49  49  49   9   0   0 153 255
255 153   0   0  49 248 203 119 120 196 248  49   0   0 153 255
255 153   0   0  49 170  75 122 120  78 157  49   0   0 153 255
255 153   0   0  49 161  98 237 242 109 149  49   0   0 153 255
255 153   0   0  49 174  95 188 199 100 157  49   0   0 153 255
255 153   0   0  49 244 103  68  63  99 240  49   0   0 153 255
255 153   0   0  49 248 245 153 144 243 248  49   0   0 153 255
255 153   0   0   9  49  49  49  49  49  49   9   0   0 153 255
255 153   0   0   0   0   0   0   0   0   0   0   0   0 153 255
255 153   0   0   0   0   0   0   0   0   0   0   0   0 153 255
255 214 153 153 153 153 153 153 153 153 153 153 153 153 214 255
255 255 255 255 255 255 255 255 255 255 255 255 255 255 255 255
255 255 255 255 255 255 255 255 255 255 255 255 255 255 255 255
255 214 153 153 153 153 153 153 153 153 153 153 153 153 214 255
255 153   0   0   0   0   0   0   0   0   0   0   0   0 153 255
255 153   0   0   0   0   0   0   0   0   0   0   0   0 153 255
255 153   0   0   9  49  49  49  49  49  49   9   0   0 153 255
255 153   0   0  49 248 232 203 203 229 248  49   0   0 153 255
255 153   0   0  49 220 188 204 203 189 216  49   0   0 153 255
255 153   0   0  49 218 195 244 246 199 213  49   0   0 153 255
255 153   0   0  49 222 194 227 230 196 216  49   0   0 153 255
255 153   0   0  49 246 197 185 184 196 245  49   0   0 153 255
255 153   0   0  49 248 246 215 212 246 248  49   0   0 153 255
255 153   0   0   9  49  49  49  49  49  49   9   0   0 153 255
255 153   0   0   0   0   0   0   0   0   0   0   0   0 153 255
255 153   0   0   0   0   0   0   0   0   0   0   0   0 153 255
255 214 153 153 153 153 153 153 153 153 153 153 153 153 214 255
255 255 255 255 255 255 255 255 255 255 255 255 255 255 255 255

255 255 255 255 255 255 255 255 255 255 255 255 255 255 255 255
255 214 153 153 153 153 153 153 153 153 153 153 153 153 214 255
255 153   0   0   0   0   0   0   0   0   0   0   0   0 153 255
255 153   0   0   0   0   0   0   0   0   0   0   0   0 153 255
255 153   0   0   9  49  49  49  49  49  49   9   0   0 153 255
255 153   0   0  49 248 165 157 165 240 248  49   0   0 153 255
255 153   0   0  49 200  92 119 111 112 243  49   0   0 153 255
255 153   0   0  49 130 130 243 203  78 153  49   0   0 153 255
255 153   0   0  49 129 132 238 193  83 161  49   0   0 153 255
255 153   0   0  49 207  89 109 106 115 245  49   0   0 153 255
255 153   0   0  49 248 176 168 180 244 248  49   0   0 153 255
255 153   0   0   9  49  49  49  49  49  49   9   0   0 153 255
255 153   0   0   0   0   0   0   0   0   0   0   0   0 153 255
255 153   0   0   0   0   0   0   0   0   0   0   0   0 153 255
255 214 153 153 153 153 153 153 153 153 153 153 153 153 214 255
255 255 255 255 255 255 255 255 255 255 255 255 255 255 255 255
255 255 255 255 255 255 255 255 255 255 255 255 255 255 255 255
255 214 153 153 153 153 153 153 153 153 153 153 153 153 214 255
255 153   0   0   0   0   0   0   0   0   0   0   0   0 153 255
255 153   0   0   0   0   0   0   0   0   0   0   0   0 153 255
255 153   0   0   9  49  49  49  49  49  49   9   0   0 153 255
255 153   0   0  49 248 157 149 157 240 248  49   0   0 153 255
255 153   0   0  49 196  78 109 100  99 243  49   0   0 153 255
255 153   0   0  49 120 120 242 199  63 144  49   0   0 153 255
255 153   0   0  49 119 122 237 188  68 153  49   0   0 153 255
255 153   0   0  49 203  75  98  95 103 245  49   0   0 153 255
255 153   0   0  49 248 170 161 174 244 248  49   0   0 153 255
255 153   0   0   9  49  49  49  49  49  49   9   0   0 153 255
255 153   0   0   0   0   0   0   0   0   0   0   0   0 153 255
255 153   0   0   0   0   0   0   0   0   0   0   0   0 153 255
255 214 153 153 153 153 153 153 153 153 153 153 153 153 214 255
255 255 255 255 255 255 255 255 255 255 255 255 255 255 255 255
255 255 255 255 255 255 255 255 255 255 255 255 255 255 255 255
255 214 153 153 153 153 153 153 153 153 153 153 153 153 214 255
255 153   0   0   0   0   0   0   0   0   0   0   0   0 153 255
255 153   0   0   0   0   0   0   0   0   0   0   0   0 153 255
255 153   0   0   9  49  49  49  49  49  49   9   0   0 153 255
255 153   0   0  49 248 216 213 216 245 248  49   0   0 153 255
255 153   0   0  49 229 189 199 196 196 246  49   0   0 153 255
255 153   0   0  49 203 203 246 230 184 212  49   0   0 153 255
255 153   0   0  49 203 204 244 227 185 215  49   0   0 153 255
255 153   0   0  49 232 188 195 194 197 246  49   0   0 153 255
255 153   0   0  49 248 220 218 222 246 248  49   0   0 153 255
255 153   0   0   9  49  49  49  49  49  49   9   0   0 153 255
255 153   0   0   0   0   0   0   0   0   0   0   0   0 153 255
255 153   0   0   0   0   0   0   0   0   0   0   0   0 153 255
255 214 153 153 153 153 153 153 153 153 153 153 153 153 214 255
255 255 255 255 255 255 255 255 255 255 255 255 255 255 255 255
